
 OpenBabel12091916353D

  7  6  0  0  0  0  0  0  0  0999 V2000
    0.8853   -0.6062   -0.4540 O   0  0  0  0  0  0  0  0  0  0  0  0
   -0.0155    0.3817   -0.0255 C   0  0  0  0  0  0  0  0  0  0  0  0
   -1.3453   -0.0388   -0.1951 O   0  0  0  0  0  0  0  0  0  0  0  0
    1.6054   -0.7030    0.2305 H   0  0  0  0  0  0  0  0  0  0  0  0
    0.1159    1.2285   -0.7466 H   0  0  0  0  0  0  0  0  0  0  0  0
    0.1835    0.6921    1.0244 H   0  0  0  0  0  0  0  0  0  0  0  0
   -1.4291   -0.9542    0.1665 H   0  0  0  0  0  0  0  0  0  0  0  0
  1  2  1  0  0  0  0
  1  4  1  0  0  0  0
  2  3  1  0  0  0  0
  2  5  1  0  0  0  0
  2  6  1  0  0  0  0
  3  7  1  0  0  0  0
M  END
$$$$

 OpenBabel12091916353D

 33 35  0  0  0  0  0  0  0  0999 V2000
    5.0941   -0.2562    2.1187 O   0  0  0  0  0  0  0  0  0  0  0  0
    3.8796   -0.3989    1.8738 N   0  3  0  0  0  0  0  0  0  0  0  0
    3.0780   -0.9178    2.8269 O   0  5  0  0  0  0  0  0  0  0  0  0
    3.3909   -0.0042    0.5894 C   0  0  0  0  0  0  0  0  0  0  0  0
    4.2239   -0.0155   -0.5029 C   0  0  0  0  0  0  0  0  0  0  0  0
    3.7900    0.3630   -1.7567 C   0  0  0  0  0  0  0  0  0  0  0  0
    2.4875    0.7676   -1.9414 C   0  0  0  0  0  0  0  0  0  0  0  0
    1.6370    0.7847   -0.8537 C   0  0  0  0  0  0  0  0  0  0  0  0
    2.0683    0.4067    0.3997 C   0  0  0  0  0  0  0  0  0  0  0  0
    1.2360    0.4102    1.5161 N   0  0  0  0  0  0  0  0  0  0  0  0
    0.0851    0.0465    1.6998 N   0  0  0  0  0  0  0  0  0  0  0  0
   -0.8842   -0.5201    0.8913 C   0  0  0  0  0  0  0  0  0  0  0  0
   -0.7934   -1.8289    0.4888 C   0  0  0  0  0  0  0  0  0  0  0  0
    0.2456   -2.6740    0.8446 O   0  0  0  0  0  0  0  0  0  0  0  0
   -1.7868   -2.3774   -0.3263 C   0  0  0  0  0  0  0  0  0  0  0  0
   -2.8706   -1.6450   -0.7480 C   0  0  0  0  0  0  0  0  0  0  0  0
   -2.9588   -0.3114   -0.3348 C   0  0  0  0  0  0  0  0  0  0  0  0
   -4.0558    0.4129   -0.7676 C   0  0  0  0  0  0  0  0  0  0  0  0
   -4.1856    1.7198   -0.3899 C   0  0  0  0  0  0  0  0  0  0  0  0
   -3.2155    2.2809    0.4148 C   0  0  0  0  0  0  0  0  0  0  0  0
   -2.1333    1.5483    0.8356 C   0  0  0  0  0  0  0  0  0  0  0  0
   -1.9703    0.2168    0.4699 C   0  0  0  0  0  0  0  0  0  0  0  0
    5.2682   -0.3414   -0.3470 H   0  0  0  0  0  0  0  0  0  0  0  0
    4.4901    0.3326   -2.5741 H   0  0  0  0  0  0  0  0  0  0  0  0
    2.1214    1.0737   -2.9328 H   0  0  0  0  0  0  0  0  0  0  0  0
    0.6043    1.1148   -1.0293 H   0  0  0  0  0  0  0  0  0  0  0  0
    0.9897   -2.3435    1.4354 H   0  0  0  0  0  0  0  0  0  0  0  0
   -1.7173   -3.4112   -0.6456 H   0  0  0  0  0  0  0  0  0  0  0  0
   -3.6503   -2.0467   -1.3779 H   0  0  0  0  0  0  0  0  0  0  0  0
   -4.8010   -0.0436   -1.3950 H   0  0  0  0  0  0  0  0  0  0  0  0
   -5.0120    2.3541   -0.6844 H   0  0  0  0  0  0  0  0  0  0  0  0
   -3.2941    3.3304    0.7335 H   0  0  0  0  0  0  0  0  0  0  0  0
   -1.3607    1.9727    1.4692 H   0  0  0  0  0  0  0  0  0  0  0  0
  1  2  2  0  0  0  0
  2  3  1  0  0  0  0
  2  4  1  0  0  0  0
  4  5  2  0  0  0  0
  5  6  1  0  0  0  0
  5 23  1  0  0  0  0
  6  7  2  0  0  0  0
  6 24  1  0  0  0  0
  7  8  1  0  0  0  0
  7 25  1  0  0  0  0
  8  9  2  0  0  0  0
  8 26  1  0  0  0  0
  9 10  1  0  0  0  0
  9  4  1  0  0  0  0
 10 11  2  3  0  0  0
 11 12  1  0  0  0  0
 12 13  2  0  0  0  0
 13 14  1  0  0  0  0
 13 15  1  0  0  0  0
 14 27  1  0  0  0  0
 15 16  2  0  0  0  0
 15 28  1  0  0  0  0
 16 17  1  0  0  0  0
 16 29  1  0  0  0  0
 17 18  2  0  0  0  0
 18 19  1  0  0  0  0
 18 30  1  0  0  0  0
 19 20  2  0  0  0  0
 19 31  1  0  0  0  0
 20 21  1  0  0  0  0
 20 32  1  0  0  0  0
 21 22  2  0  0  0  0
 21 33  1  0  0  0  0
 22 12  1  0  0  0  0
 22 17  1  0  0  0  0
M  CHG  2   2   1   3  -1
M  END
>  <RMSD>
0.000000

$$$$

 OpenBabel12091916353D

 41 40  0  0  0  0  0  0  0  0999 V2000
   -7.5437    0.4087   -1.0805 C   0  0  0  0  0  0  0  0  0  0  0  0
   -6.1771    0.2783   -0.3654 C   0  0  0  0  0  0  0  0  0  0  0  0
   -6.1321   -1.0436    0.2945 C   0  0  0  0  0  0  0  0  0  0  0  0
   -4.9817   -1.4088    1.1244 C   0  0  1  0  0  0  0  0  0  0  0  0
   -5.2211   -2.7320    1.5934 O   0  0  0  0  0  0  0  0  0  0  0  0
   -3.5960   -1.2317    0.6801 C   0  0  0  0  0  0  0  0  0  0  0  0
   -3.0746    0.1279    0.4038 C   0  0  0  0  0  0  0  0  0  0  0  0
   -1.6169    0.0437   -0.0200 C   0  0  0  0  0  0  0  0  0  0  0  0
   -0.6845    0.6397    0.6548 C   0  0  0  0  0  0  0  0  0  0  0  0
    0.7345    0.6030    0.3081 C   0  0  0  0  0  0  0  0  0  0  0  0
    1.6492    1.2199    1.0169 C   0  0  0  0  0  0  0  0  0  0  0  0
    3.0546    1.1967    0.6928 C   0  0  0  0  0  0  0  0  0  0  0  0
    4.2360    1.1871    0.4390 C   0  0  0  0  0  0  0  0  0  0  0  0
    5.6313    1.1850    0.1628 C   0  0  0  0  0  0  0  0  0  0  0  0
    6.8182    1.1951   -0.0544 C   0  0  0  0  0  0  0  0  0  0  0  0
    8.2306    1.1855   -0.3007 C   0  0  0  0  0  0  0  0  0  0  0  0
    8.9155    0.0783   -0.5295 C   0  0  0  0  0  0  0  0  0  0  0  0
   10.3722    0.0696   -0.7834 C   0  0  0  0  0  0  0  0  0  0  0  0
   10.9562   -0.7131    0.2220 O   0  0  0  0  0  0  0  0  0  0  0  0
   -8.3169    0.2700   -0.2977 H   0  0  0  0  0  0  0  0  0  0  0  0
   -7.5615   -0.3888   -1.8527 H   0  0  0  0  0  0  0  0  0  0  0  0
   -7.5967    1.3775   -1.5939 H   0  0  0  0  0  0  0  0  0  0  0  0
   -5.9744    1.1018    0.3105 H   0  0  0  0  0  0  0  0  0  0  0  0
   -5.4747    0.3065   -1.2641 H   0  0  0  0  0  0  0  0  0  0  0  0
   -7.0497   -1.1174    0.9666 H   0  0  0  0  0  0  0  0  0  0  0  0
   -6.2731   -1.8543   -0.4953 H   0  0  0  0  0  0  0  0  0  0  0  0
   -5.0889   -0.7855    2.1130 H   0  0  0  0  0  0  0  0  0  0  0  0
   -4.3242   -3.0256    1.9391 H   0  0  0  0  0  0  0  0  0  0  0  0
   -2.8804   -1.7600    1.3921 H   0  0  0  0  0  0  0  0  0  0  0  0
   -3.4839   -1.8099   -0.2881 H   0  0  0  0  0  0  0  0  0  0  0  0
   -3.5616    0.7383   -0.3460 H   0  0  0  0  0  0  0  0  0  0  0  0
   -3.0578    0.7701    1.3433 H   0  0  0  0  0  0  0  0  0  0  0  0
   -1.3502   -0.5270   -0.9058 H   0  0  0  0  0  0  0  0  0  0  0  0
   -0.9605    1.2047    1.5341 H   0  0  0  0  0  0  0  0  0  0  0  0
    1.0474    0.0443   -0.5697 H   0  0  0  0  0  0  0  0  0  0  0  0
    1.2958    1.7729    1.8949 H   0  0  0  0  0  0  0  0  0  0  0  0
    8.7779    2.1149   -0.3036 H   0  0  0  0  0  0  0  0  0  0  0  0
    8.4079   -0.8939   -0.5378 H   0  0  0  0  0  0  0  0  0  0  0  0
   10.8077    1.0640   -0.8697 H   0  0  0  0  0  0  0  0  0  0  0  0
   10.5119   -0.4956   -1.7512 H   0  0  0  0  0  0  0  0  0  0  0  0
   10.5353   -0.3961    1.0837 H   0  0  0  0  0  0  0  0  0  0  0  0
  1  2  1  0  0  0  0
  1 20  1  0  0  0  0
  1 21  1  0  0  0  0
  1 22  1  0  0  0  0
  2  3  1  0  0  0  0
  2 23  1  0  0  0  0
  2 24  1  0  0  0  0
  3  4  1  0  0  0  0
  3 25  1  0  0  0  0
  3 26  1  0  0  0  0
  4  5  1  0  0  0  0
  4  6  1  0  0  0  0
  4 27  1  1  0  0  0
  5 28  1  0  0  0  0
  6  7  1  0  0  0  0
  6 29  1  0  0  0  0
  6 30  1  0  0  0  0
  7  8  1  0  0  0  0
  7 31  1  0  0  0  0
  7 32  1  0  0  0  0
  8  9  2  0  0  0  0
  8 33  1  0  0  0  0
  9 10  1  0  0  0  0
  9 34  1  0  0  0  0
 10 11  2  0  0  0  0
 10 35  1  0  0  0  0
 11 12  1  0  0  0  0
 11 36  1  0  0  0  0
 12 13  3  0  0  0  0
 13 14  1  0  0  0  0
 14 15  3  0  0  0  0
 15 16  1  0  0  0  0
 16 17  2  0  0  0  0
 16 37  1  0  0  0  0
 17 18  1  0  0  0  0
 17 38  1  0  0  0  0
 18 19  1  0  0  0  0
 18 39  1  0  0  0  0
 18 40  1  0  0  0  0
 19 41  1  0  0  0  0
M  END
$$$$

 OpenBabel12091916353D

 35 39  0  0  0  0  0  0  0  0999 V2000
   -0.9010   -3.0354    0.2402 O   0  0  0  0  0  0  0  0  0  0  0  0
   -2.0878   -3.3932    0.8904 C   0  0  0  0  0  0  0  0  0  0  0  0
   -3.0820   -2.6489    0.4404 C   0  0  0  0  0  0  0  0  0  0  0  0
   -2.5642   -1.7202   -0.5795 C   0  0  2  0  0  0  0  0  0  0  0  0
   -1.0883   -1.7267   -0.2899 C   0  0  1  0  0  0  0  0  0  0  0  0
   -0.9945   -0.7489    0.7417 O   0  0  0  0  0  0  0  0  0  0  0  0
   -2.9545   -0.3219   -0.3358 C   0  0  0  0  0  0  0  0  0  0  0  0
   -1.9779    0.2231    0.4674 C   0  0  0  0  0  0  0  0  0  0  0  0
   -2.1186    1.5429    0.8428 C   0  0  0  0  0  0  0  0  0  0  0  0
   -3.2228    2.2891    0.4132 C   0  0  0  0  0  0  0  0  0  0  0  0
   -3.3892    3.6176    0.7755 O   0  0  0  0  0  0  0  0  0  0  0  0
   -2.3839    4.2058    1.6121 C   0  0  0  0  0  0  0  0  0  0  0  0
   -4.1887    1.7264   -0.3896 C   0  0  0  0  0  0  0  0  0  0  0  0
   -4.0568    0.4078   -0.7700 C   0  0  0  0  0  0  0  0  0  0  0  0
   -4.9816   -0.1107   -1.5316 O   0  0  0  0  0  0  0  0  0  0  0  0
   -6.0360    0.5658   -1.9545 C   0  0  0  0  0  0  0  0  0  0  0  0
   -6.9124    0.0307   -2.6915 O   0  0  0  0  0  0  0  0  0  0  0  0
   -6.2396    1.8863   -1.6182 C   0  0  0  0  0  0  0  0  0  0  0  0
   -5.2685    2.4768   -0.8025 C   0  0  0  0  0  0  0  0  0  0  0  0
   -5.6279    3.8785   -0.5355 C   0  0  0  0  0  0  0  0  0  0  0  0
   -6.9112    4.1360   -1.2862 C   0  0  0  0  0  0  0  0  0  0  0  0
   -7.2805    2.8532   -1.9307 C   0  0  0  0  0  0  0  0  0  0  0  0
   -8.3221    2.6890   -2.6148 O   0  0  0  0  0  0  0  0  0  0  0  0
   -2.1022   -4.1758    1.6399 H   0  0  0  0  0  0  0  0  0  0  0  0
   -4.0969   -2.7339    0.7859 H   0  0  0  0  0  0  0  0  0  0  0  0
   -2.7977   -2.0572   -1.6125 H   0  0  0  0  0  0  0  0  0  0  0  0
   -0.4542   -1.5119   -1.1483 H   0  0  0  0  0  0  0  0  0  0  0  0
   -1.4086    2.0357    1.4607 H   0  0  0  0  0  0  0  0  0  0  0  0
   -2.6404    5.2549    1.8582 H   0  0  0  0  0  0  0  0  0  0  0  0
   -2.3195    3.6688    2.5872 H   0  0  0  0  0  0  0  0  0  0  0  0
   -1.4394    4.2124    1.0515 H   0  0  0  0  0  0  0  0  0  0  0  0
   -5.8236    3.9838    0.5487 H   0  0  0  0  0  0  0  0  0  0  0  0
   -4.8831    4.6066   -0.9164 H   0  0  0  0  0  0  0  0  0  0  0  0
   -6.8022    4.9546   -2.0466 H   0  0  0  0  0  0  0  0  0  0  0  0
   -7.7265    4.4790   -0.6116 H   0  0  0  0  0  0  0  0  0  0  0  0
  1  2  1  0  0  0  0
  2  3  2  0  0  0  0
  2 24  1  0  0  0  0
  3  4  1  0  0  0  0
  3 25  1  0  0  0  0
  4  5  1  0  0  0  0
  4  7  1  0  0  0  0
  4 26  1  6  0  0  0
  5  6  1  0  0  0  0
  5  1  1  0  0  0  0
  5 27  1  6  0  0  0
  7  8  2  0  0  0  0
  8  9  1  0  0  0  0
  8  6  1  0  0  0  0
  9 10  2  0  0  0  0
  9 28  1  0  0  0  0
 10 11  1  0  0  0  0
 10 13  1  0  0  0  0
 11 12  1  0  0  0  0
 12 29  1  0  0  0  0
 12 30  1  0  0  0  0
 12 31  1  0  0  0  0
 13 14  2  0  0  0  0
 14 15  1  0  0  0  0
 14  7  1  0  0  0  0
 15 16  1  0  0  0  0
 16 17  2  0  0  0  0
 16 18  1  0  0  0  0
 18 19  2  0  0  0  0
 19 20  1  0  0  0  0
 19 13  1  0  0  0  0
 20 21  1  0  0  0  0
 20 32  1  0  0  0  0
 20 33  1  0  0  0  0
 21 22  1  0  0  0  0
 21 34  1  0  0  0  0
 21 35  1  0  0  0  0
 22 23  2  0  0  0  0
 22 18  1  0  0  0  0
M  END
>  <RMSD>
0.011081

$$$$

 OpenBabel12091916353D

 33 35  0  0  0  0  0  0  0  0999 V2000
    5.0941   -0.2562    2.1187 O   0  0  0  0  0  0  0  0  0  0  0  0
    3.8796   -0.3989    1.8738 N   0  3  0  0  0  0  0  0  0  0  0  0
    3.0780   -0.9178    2.8269 O   0  5  0  0  0  0  0  0  0  0  0  0
    3.3909   -0.0042    0.5894 C   0  0  0  0  0  0  0  0  0  0  0  0
    4.2239   -0.0155   -0.5029 C   0  0  0  0  0  0  0  0  0  0  0  0
    3.7900    0.3630   -1.7567 C   0  0  0  0  0  0  0  0  0  0  0  0
    2.4875    0.7676   -1.9414 C   0  0  0  0  0  0  0  0  0  0  0  0
    1.6370    0.7847   -0.8537 C   0  0  0  0  0  0  0  0  0  0  0  0
    2.0683    0.4067    0.3997 C   0  0  0  0  0  0  0  0  0  0  0  0
    1.2360    0.4102    1.5161 N   0  0  0  0  0  0  0  0  0  0  0  0
    0.0851    0.0465    1.6998 N   0  0  0  0  0  0  0  0  0  0  0  0
   -0.8842   -0.5201    0.8913 C   0  0  0  0  0  0  0  0  0  0  0  0
   -0.7934   -1.8289    0.4888 C   0  0  0  0  0  0  0  0  0  0  0  0
    0.2456   -2.6740    0.8446 O   0  0  0  0  0  0  0  0  0  0  0  0
   -1.7868   -2.3774   -0.3263 C   0  0  0  0  0  0  0  0  0  0  0  0
   -2.8706   -1.6450   -0.7480 C   0  0  0  0  0  0  0  0  0  0  0  0
   -2.9588   -0.3114   -0.3348 C   0  0  0  0  0  0  0  0  0  0  0  0
   -4.0558    0.4129   -0.7676 C   0  0  0  0  0  0  0  0  0  0  0  0
   -4.1856    1.7198   -0.3899 C   0  0  0  0  0  0  0  0  0  0  0  0
   -3.2155    2.2809    0.4148 C   0  0  0  0  0  0  0  0  0  0  0  0
   -2.1333    1.5483    0.8356 C   0  0  0  0  0  0  0  0  0  0  0  0
   -1.9703    0.2168    0.4699 C   0  0  0  0  0  0  0  0  0  0  0  0
    5.2682   -0.3414   -0.3470 H   0  0  0  0  0  0  0  0  0  0  0  0
    4.4901    0.3326   -2.5741 H   0  0  0  0  0  0  0  0  0  0  0  0
    2.1214    1.0737   -2.9328 H   0  0  0  0  0  0  0  0  0  0  0  0
    0.6043    1.1148   -1.0293 H   0  0  0  0  0  0  0  0  0  0  0  0
    0.9897   -2.3435    1.4354 H   0  0  0  0  0  0  0  0  0  0  0  0
   -1.7173   -3.4112   -0.6456 H   0  0  0  0  0  0  0  0  0  0  0  0
   -3.6503   -2.0467   -1.3779 H   0  0  0  0  0  0  0  0  0  0  0  0
   -4.8010   -0.0436   -1.3950 H   0  0  0  0  0  0  0  0  0  0  0  0
   -5.0120    2.3541   -0.6844 H   0  0  0  0  0  0  0  0  0  0  0  0
   -3.2941    3.3304    0.7335 H   0  0  0  0  0  0  0  0  0  0  0  0
   -1.3607    1.9727    1.4692 H   0  0  0  0  0  0  0  0  0  0  0  0
  1  2  2  0  0  0  0
  2  3  1  0  0  0  0
  2  4  1  0  0  0  0
  4  5  2  0  0  0  0
  5  6  1  0  0  0  0
  5 23  1  0  0  0  0
  6  7  2  0  0  0  0
  6 24  1  0  0  0  0
  7  8  1  0  0  0  0
  7 25  1  0  0  0  0
  8  9  2  0  0  0  0
  8 26  1  0  0  0  0
  9 10  1  0  0  0  0
  9  4  1  0  0  0  0
 10 11  2  3  0  0  0
 11 12  1  0  0  0  0
 12 13  2  0  0  0  0
 13 14  1  0  0  0  0
 13 15  1  0  0  0  0
 14 27  1  0  0  0  0
 15 16  2  0  0  0  0
 15 28  1  0  0  0  0
 16 17  1  0  0  0  0
 16 29  1  0  0  0  0
 17 18  2  0  0  0  0
 18 19  1  0  0  0  0
 18 30  1  0  0  0  0
 19 20  2  0  0  0  0
 19 31  1  0  0  0  0
 20 21  1  0  0  0  0
 20 32  1  0  0  0  0
 21 22  2  0  0  0  0
 21 33  1  0  0  0  0
 22 12  1  0  0  0  0
 22 17  1  0  0  0  0
M  CHG  2   2   1   3  -1
M  END
>  <RMSD>
0.000000

$$$$

 OpenBabel12091916353D

 33 35  0  0  0  0  0  0  0  0999 V2000
    5.0941   -0.2562    2.1187 O   0  0  0  0  0  0  0  0  0  0  0  0
    3.8796   -0.3989    1.8738 N   0  3  0  0  0  0  0  0  0  0  0  0
    3.0780   -0.9178    2.8269 O   0  5  0  0  0  0  0  0  0  0  0  0
    3.3909   -0.0042    0.5894 C   0  0  0  0  0  0  0  0  0  0  0  0
    4.2239   -0.0155   -0.5029 C   0  0  0  0  0  0  0  0  0  0  0  0
    3.7900    0.3630   -1.7567 C   0  0  0  0  0  0  0  0  0  0  0  0
    2.4875    0.7676   -1.9414 C   0  0  0  0  0  0  0  0  0  0  0  0
    1.6370    0.7847   -0.8537 C   0  0  0  0  0  0  0  0  0  0  0  0
    2.0683    0.4067    0.3997 C   0  0  0  0  0  0  0  0  0  0  0  0
    1.2360    0.4102    1.5161 N   0  0  0  0  0  0  0  0  0  0  0  0
    0.0851    0.0465    1.6998 N   0  0  0  0  0  0  0  0  0  0  0  0
   -0.8842   -0.5201    0.8913 C   0  0  0  0  0  0  0  0  0  0  0  0
   -0.7934   -1.8289    0.4888 C   0  0  0  0  0  0  0  0  0  0  0  0
    0.2456   -2.6740    0.8446 O   0  0  0  0  0  0  0  0  0  0  0  0
   -1.7868   -2.3774   -0.3263 C   0  0  0  0  0  0  0  0  0  0  0  0
   -2.8706   -1.6450   -0.7480 C   0  0  0  0  0  0  0  0  0  0  0  0
   -2.9588   -0.3114   -0.3348 C   0  0  0  0  0  0  0  0  0  0  0  0
   -4.0558    0.4129   -0.7676 C   0  0  0  0  0  0  0  0  0  0  0  0
   -4.1856    1.7198   -0.3899 C   0  0  0  0  0  0  0  0  0  0  0  0
   -3.2155    2.2809    0.4148 C   0  0  0  0  0  0  0  0  0  0  0  0
   -2.1333    1.5483    0.8356 C   0  0  0  0  0  0  0  0  0  0  0  0
   -1.9703    0.2168    0.4699 C   0  0  0  0  0  0  0  0  0  0  0  0
    5.2682   -0.3414   -0.3470 H   0  0  0  0  0  0  0  0  0  0  0  0
    4.4901    0.3326   -2.5741 H   0  0  0  0  0  0  0  0  0  0  0  0
    2.1214    1.0737   -2.9328 H   0  0  0  0  0  0  0  0  0  0  0  0
    0.6043    1.1148   -1.0293 H   0  0  0  0  0  0  0  0  0  0  0  0
    0.9897   -2.3435    1.4354 H   0  0  0  0  0  0  0  0  0  0  0  0
   -1.7173   -3.4112   -0.6456 H   0  0  0  0  0  0  0  0  0  0  0  0
   -3.6503   -2.0467   -1.3779 H   0  0  0  0  0  0  0  0  0  0  0  0
   -4.8010   -0.0436   -1.3950 H   0  0  0  0  0  0  0  0  0  0  0  0
   -5.0120    2.3541   -0.6844 H   0  0  0  0  0  0  0  0  0  0  0  0
   -3.2941    3.3304    0.7335 H   0  0  0  0  0  0  0  0  0  0  0  0
   -1.3607    1.9727    1.4692 H   0  0  0  0  0  0  0  0  0  0  0  0
  1  2  2  0  0  0  0
  2  3  1  0  0  0  0
  2  4  1  0  0  0  0
  4  5  2  0  0  0  0
  5  6  1  0  0  0  0
  5 23  1  0  0  0  0
  6  7  2  0  0  0  0
  6 24  1  0  0  0  0
  7  8  1  0  0  0  0
  7 25  1  0  0  0  0
  8  9  2  0  0  0  0
  8 26  1  0  0  0  0
  9 10  1  0  0  0  0
  9  4  1  0  0  0  0
 10 11  2  3  0  0  0
 11 12  1  0  0  0  0
 12 13  2  0  0  0  0
 13 14  1  0  0  0  0
 13 15  1  0  0  0  0
 14 27  1  0  0  0  0
 15 16  2  0  0  0  0
 15 28  1  0  0  0  0
 16 17  1  0  0  0  0
 16 29  1  0  0  0  0
 17 18  2  0  0  0  0
 18 19  1  0  0  0  0
 18 30  1  0  0  0  0
 19 20  2  0  0  0  0
 19 31  1  0  0  0  0
 20 21  1  0  0  0  0
 20 32  1  0  0  0  0
 21 22  2  0  0  0  0
 21 33  1  0  0  0  0
 22 12  1  0  0  0  0
 22 17  1  0  0  0  0
M  CHG  2   2   1   3  -1
M  END
>  <RMSD>
0.000000

$$$$

 OpenBabel12091916353D

 33 35  0  0  0  0  0  0  0  0999 V2000
    5.0941   -0.2562    2.1187 O   0  0  0  0  0  0  0  0  0  0  0  0
    3.8796   -0.3989    1.8738 N   0  3  0  0  0  0  0  0  0  0  0  0
    3.0780   -0.9178    2.8269 O   0  5  0  0  0  0  0  0  0  0  0  0
    3.3909   -0.0042    0.5894 C   0  0  0  0  0  0  0  0  0  0  0  0
    4.2239   -0.0155   -0.5029 C   0  0  0  0  0  0  0  0  0  0  0  0
    3.7900    0.3630   -1.7567 C   0  0  0  0  0  0  0  0  0  0  0  0
    2.4875    0.7676   -1.9414 C   0  0  0  0  0  0  0  0  0  0  0  0
    1.6370    0.7847   -0.8537 C   0  0  0  0  0  0  0  0  0  0  0  0
    2.0683    0.4067    0.3997 C   0  0  0  0  0  0  0  0  0  0  0  0
    1.2360    0.4102    1.5161 N   0  0  0  0  0  0  0  0  0  0  0  0
    0.0851    0.0465    1.6998 N   0  0  0  0  0  0  0  0  0  0  0  0
   -0.8842   -0.5201    0.8913 C   0  0  0  0  0  0  0  0  0  0  0  0
   -0.7934   -1.8289    0.4888 C   0  0  0  0  0  0  0  0  0  0  0  0
    0.2456   -2.6740    0.8446 O   0  0  0  0  0  0  0  0  0  0  0  0
   -1.7868   -2.3774   -0.3263 C   0  0  0  0  0  0  0  0  0  0  0  0
   -2.8706   -1.6450   -0.7480 C   0  0  0  0  0  0  0  0  0  0  0  0
   -2.9588   -0.3114   -0.3348 C   0  0  0  0  0  0  0  0  0  0  0  0
   -4.0558    0.4129   -0.7676 C   0  0  0  0  0  0  0  0  0  0  0  0
   -4.1856    1.7198   -0.3899 C   0  0  0  0  0  0  0  0  0  0  0  0
   -3.2155    2.2809    0.4148 C   0  0  0  0  0  0  0  0  0  0  0  0
   -2.1333    1.5483    0.8356 C   0  0  0  0  0  0  0  0  0  0  0  0
   -1.9703    0.2168    0.4699 C   0  0  0  0  0  0  0  0  0  0  0  0
    5.2682   -0.3414   -0.3470 H   0  0  0  0  0  0  0  0  0  0  0  0
    4.4901    0.3326   -2.5741 H   0  0  0  0  0  0  0  0  0  0  0  0
    2.1214    1.0737   -2.9328 H   0  0  0  0  0  0  0  0  0  0  0  0
    0.6043    1.1148   -1.0293 H   0  0  0  0  0  0  0  0  0  0  0  0
    0.9897   -2.3435    1.4354 H   0  0  0  0  0  0  0  0  0  0  0  0
   -1.7173   -3.4112   -0.6456 H   0  0  0  0  0  0  0  0  0  0  0  0
   -3.6503   -2.0467   -1.3779 H   0  0  0  0  0  0  0  0  0  0  0  0
   -4.8010   -0.0436   -1.3950 H   0  0  0  0  0  0  0  0  0  0  0  0
   -5.0120    2.3541   -0.6844 H   0  0  0  0  0  0  0  0  0  0  0  0
   -3.2941    3.3304    0.7335 H   0  0  0  0  0  0  0  0  0  0  0  0
   -1.3607    1.9727    1.4692 H   0  0  0  0  0  0  0  0  0  0  0  0
  1  2  2  0  0  0  0
  2  3  1  0  0  0  0
  2  4  1  0  0  0  0
  4  5  2  0  0  0  0
  5  6  1  0  0  0  0
  5 23  1  0  0  0  0
  6  7  2  0  0  0  0
  6 24  1  0  0  0  0
  7  8  1  0  0  0  0
  7 25  1  0  0  0  0
  8  9  2  0  0  0  0
  8 26  1  0  0  0  0
  9 10  1  0  0  0  0
  9  4  1  0  0  0  0
 10 11  2  3  0  0  0
 11 12  1  0  0  0  0
 12 13  2  0  0  0  0
 13 14  1  0  0  0  0
 13 15  1  0  0  0  0
 14 27  1  0  0  0  0
 15 16  2  0  0  0  0
 15 28  1  0  0  0  0
 16 17  1  0  0  0  0
 16 29  1  0  0  0  0
 17 18  2  0  0  0  0
 18 19  1  0  0  0  0
 18 30  1  0  0  0  0
 19 20  2  0  0  0  0
 19 31  1  0  0  0  0
 20 21  1  0  0  0  0
 20 32  1  0  0  0  0
 21 22  2  0  0  0  0
 21 33  1  0  0  0  0
 22 12  1  0  0  0  0
 22 17  1  0  0  0  0
M  CHG  2   2   1   3  -1
M  END
>  <RMSD>
0.000000

$$$$

 OpenBabel12091916353D

 33 35  0  0  0  0  0  0  0  0999 V2000
    5.0941   -0.2562    2.1187 O   0  0  0  0  0  0  0  0  0  0  0  0
    3.8796   -0.3989    1.8738 N   0  3  0  0  0  0  0  0  0  0  0  0
    3.0780   -0.9178    2.8269 O   0  5  0  0  0  0  0  0  0  0  0  0
    3.3909   -0.0042    0.5894 C   0  0  0  0  0  0  0  0  0  0  0  0
    4.2239   -0.0155   -0.5029 C   0  0  0  0  0  0  0  0  0  0  0  0
    3.7900    0.3630   -1.7567 C   0  0  0  0  0  0  0  0  0  0  0  0
    2.4875    0.7676   -1.9414 C   0  0  0  0  0  0  0  0  0  0  0  0
    1.6370    0.7847   -0.8537 C   0  0  0  0  0  0  0  0  0  0  0  0
    2.0683    0.4067    0.3997 C   0  0  0  0  0  0  0  0  0  0  0  0
    1.2360    0.4102    1.5161 N   0  0  0  0  0  0  0  0  0  0  0  0
    0.0851    0.0465    1.6998 N   0  0  0  0  0  0  0  0  0  0  0  0
   -0.8842   -0.5201    0.8913 C   0  0  0  0  0  0  0  0  0  0  0  0
   -0.7934   -1.8289    0.4888 C   0  0  0  0  0  0  0  0  0  0  0  0
    0.2456   -2.6740    0.8446 O   0  0  0  0  0  0  0  0  0  0  0  0
   -1.7868   -2.3774   -0.3263 C   0  0  0  0  0  0  0  0  0  0  0  0
   -2.8706   -1.6450   -0.7480 C   0  0  0  0  0  0  0  0  0  0  0  0
   -2.9588   -0.3114   -0.3348 C   0  0  0  0  0  0  0  0  0  0  0  0
   -4.0558    0.4129   -0.7676 C   0  0  0  0  0  0  0  0  0  0  0  0
   -4.1856    1.7198   -0.3899 C   0  0  0  0  0  0  0  0  0  0  0  0
   -3.2155    2.2809    0.4148 C   0  0  0  0  0  0  0  0  0  0  0  0
   -2.1333    1.5483    0.8356 C   0  0  0  0  0  0  0  0  0  0  0  0
   -1.9703    0.2168    0.4699 C   0  0  0  0  0  0  0  0  0  0  0  0
    5.2682   -0.3414   -0.3470 H   0  0  0  0  0  0  0  0  0  0  0  0
    4.4901    0.3326   -2.5741 H   0  0  0  0  0  0  0  0  0  0  0  0
    2.1214    1.0737   -2.9328 H   0  0  0  0  0  0  0  0  0  0  0  0
    0.6043    1.1148   -1.0293 H   0  0  0  0  0  0  0  0  0  0  0  0
    0.9897   -2.3435    1.4354 H   0  0  0  0  0  0  0  0  0  0  0  0
   -1.7173   -3.4112   -0.6456 H   0  0  0  0  0  0  0  0  0  0  0  0
   -3.6503   -2.0467   -1.3779 H   0  0  0  0  0  0  0  0  0  0  0  0
   -4.8010   -0.0436   -1.3950 H   0  0  0  0  0  0  0  0  0  0  0  0
   -5.0120    2.3541   -0.6844 H   0  0  0  0  0  0  0  0  0  0  0  0
   -3.2941    3.3304    0.7335 H   0  0  0  0  0  0  0  0  0  0  0  0
   -1.3607    1.9727    1.4692 H   0  0  0  0  0  0  0  0  0  0  0  0
  1  2  2  0  0  0  0
  2  3  1  0  0  0  0
  2  4  1  0  0  0  0
  4  5  2  0  0  0  0
  5  6  1  0  0  0  0
  5 23  1  0  0  0  0
  6  7  2  0  0  0  0
  6 24  1  0  0  0  0
  7  8  1  0  0  0  0
  7 25  1  0  0  0  0
  8  9  2  0  0  0  0
  8 26  1  0  0  0  0
  9 10  1  0  0  0  0
  9  4  1  0  0  0  0
 10 11  2  3  0  0  0
 11 12  1  0  0  0  0
 12 13  2  0  0  0  0
 13 14  1  0  0  0  0
 13 15  1  0  0  0  0
 14 27  1  0  0  0  0
 15 16  2  0  0  0  0
 15 28  1  0  0  0  0
 16 17  1  0  0  0  0
 16 29  1  0  0  0  0
 17 18  2  0  0  0  0
 18 19  1  0  0  0  0
 18 30  1  0  0  0  0
 19 20  2  0  0  0  0
 19 31  1  0  0  0  0
 20 21  1  0  0  0  0
 20 32  1  0  0  0  0
 21 22  2  0  0  0  0
 21 33  1  0  0  0  0
 22 12  1  0  0  0  0
 22 17  1  0  0  0  0
M  CHG  2   2   1   3  -1
M  END
>  <RMSD>
0.000000

$$$$

 OpenBabel12091916353D

 33 35  0  0  0  0  0  0  0  0999 V2000
    5.0941   -0.2562    2.1187 O   0  0  0  0  0  0  0  0  0  0  0  0
    3.8796   -0.3989    1.8738 N   0  3  0  0  0  0  0  0  0  0  0  0
    3.0780   -0.9178    2.8269 O   0  5  0  0  0  0  0  0  0  0  0  0
    3.3909   -0.0042    0.5894 C   0  0  0  0  0  0  0  0  0  0  0  0
    4.2239   -0.0155   -0.5029 C   0  0  0  0  0  0  0  0  0  0  0  0
    3.7900    0.3630   -1.7567 C   0  0  0  0  0  0  0  0  0  0  0  0
    2.4875    0.7676   -1.9414 C   0  0  0  0  0  0  0  0  0  0  0  0
    1.6370    0.7847   -0.8537 C   0  0  0  0  0  0  0  0  0  0  0  0
    2.0683    0.4067    0.3997 C   0  0  0  0  0  0  0  0  0  0  0  0
    1.2360    0.4102    1.5161 N   0  0  0  0  0  0  0  0  0  0  0  0
    0.0851    0.0465    1.6998 N   0  0  0  0  0  0  0  0  0  0  0  0
   -0.8842   -0.5201    0.8913 C   0  0  0  0  0  0  0  0  0  0  0  0
   -0.7934   -1.8289    0.4888 C   0  0  0  0  0  0  0  0  0  0  0  0
    0.2456   -2.6740    0.8446 O   0  0  0  0  0  0  0  0  0  0  0  0
   -1.7868   -2.3774   -0.3263 C   0  0  0  0  0  0  0  0  0  0  0  0
   -2.8706   -1.6450   -0.7480 C   0  0  0  0  0  0  0  0  0  0  0  0
   -2.9588   -0.3114   -0.3348 C   0  0  0  0  0  0  0  0  0  0  0  0
   -4.0558    0.4129   -0.7676 C   0  0  0  0  0  0  0  0  0  0  0  0
   -4.1856    1.7198   -0.3899 C   0  0  0  0  0  0  0  0  0  0  0  0
   -3.2155    2.2809    0.4148 C   0  0  0  0  0  0  0  0  0  0  0  0
   -2.1333    1.5483    0.8356 C   0  0  0  0  0  0  0  0  0  0  0  0
   -1.9703    0.2168    0.4699 C   0  0  0  0  0  0  0  0  0  0  0  0
    5.2682   -0.3414   -0.3470 H   0  0  0  0  0  0  0  0  0  0  0  0
    4.4901    0.3326   -2.5741 H   0  0  0  0  0  0  0  0  0  0  0  0
    2.1214    1.0737   -2.9328 H   0  0  0  0  0  0  0  0  0  0  0  0
    0.6043    1.1148   -1.0293 H   0  0  0  0  0  0  0  0  0  0  0  0
    0.9897   -2.3435    1.4354 H   0  0  0  0  0  0  0  0  0  0  0  0
   -1.7173   -3.4112   -0.6456 H   0  0  0  0  0  0  0  0  0  0  0  0
   -3.6503   -2.0467   -1.3779 H   0  0  0  0  0  0  0  0  0  0  0  0
   -4.8010   -0.0436   -1.3950 H   0  0  0  0  0  0  0  0  0  0  0  0
   -5.0120    2.3541   -0.6844 H   0  0  0  0  0  0  0  0  0  0  0  0
   -3.2941    3.3304    0.7335 H   0  0  0  0  0  0  0  0  0  0  0  0
   -1.3607    1.9727    1.4692 H   0  0  0  0  0  0  0  0  0  0  0  0
  1  2  2  0  0  0  0
  2  3  1  0  0  0  0
  2  4  1  0  0  0  0
  4  5  2  0  0  0  0
  5  6  1  0  0  0  0
  5 23  1  0  0  0  0
  6  7  2  0  0  0  0
  6 24  1  0  0  0  0
  7  8  1  0  0  0  0
  7 25  1  0  0  0  0
  8  9  2  0  0  0  0
  8 26  1  0  0  0  0
  9 10  1  0  0  0  0
  9  4  1  0  0  0  0
 10 11  2  3  0  0  0
 11 12  1  0  0  0  0
 12 13  2  0  0  0  0
 13 14  1  0  0  0  0
 13 15  1  0  0  0  0
 14 27  1  0  0  0  0
 15 16  2  0  0  0  0
 15 28  1  0  0  0  0
 16 17  1  0  0  0  0
 16 29  1  0  0  0  0
 17 18  2  0  0  0  0
 18 19  1  0  0  0  0
 18 30  1  0  0  0  0
 19 20  2  0  0  0  0
 19 31  1  0  0  0  0
 20 21  1  0  0  0  0
 20 32  1  0  0  0  0
 21 22  2  0  0  0  0
 21 33  1  0  0  0  0
 22 12  1  0  0  0  0
 22 17  1  0  0  0  0
M  CHG  2   2   1   3  -1
M  END
>  <RMSD>
0.000000

$$$$

 OpenBabel12091916353D

 33 35  0  0  0  0  0  0  0  0999 V2000
    5.0941   -0.2562    2.1187 O   0  0  0  0  0  0  0  0  0  0  0  0
    3.8796   -0.3989    1.8738 N   0  3  0  0  0  0  0  0  0  0  0  0
    3.0780   -0.9178    2.8269 O   0  5  0  0  0  0  0  0  0  0  0  0
    3.3909   -0.0042    0.5894 C   0  0  0  0  0  0  0  0  0  0  0  0
    4.2239   -0.0155   -0.5029 C   0  0  0  0  0  0  0  0  0  0  0  0
    3.7900    0.3630   -1.7567 C   0  0  0  0  0  0  0  0  0  0  0  0
    2.4875    0.7676   -1.9414 C   0  0  0  0  0  0  0  0  0  0  0  0
    1.6370    0.7847   -0.8537 C   0  0  0  0  0  0  0  0  0  0  0  0
    2.0683    0.4067    0.3997 C   0  0  0  0  0  0  0  0  0  0  0  0
    1.2360    0.4102    1.5161 N   0  0  0  0  0  0  0  0  0  0  0  0
    0.0851    0.0465    1.6998 N   0  0  0  0  0  0  0  0  0  0  0  0
   -0.8842   -0.5201    0.8913 C   0  0  0  0  0  0  0  0  0  0  0  0
   -0.7934   -1.8289    0.4888 C   0  0  0  0  0  0  0  0  0  0  0  0
    0.2456   -2.6740    0.8446 O   0  0  0  0  0  0  0  0  0  0  0  0
   -1.7868   -2.3774   -0.3263 C   0  0  0  0  0  0  0  0  0  0  0  0
   -2.8706   -1.6450   -0.7480 C   0  0  0  0  0  0  0  0  0  0  0  0
   -2.9588   -0.3114   -0.3348 C   0  0  0  0  0  0  0  0  0  0  0  0
   -4.0558    0.4129   -0.7676 C   0  0  0  0  0  0  0  0  0  0  0  0
   -4.1856    1.7198   -0.3899 C   0  0  0  0  0  0  0  0  0  0  0  0
   -3.2155    2.2809    0.4148 C   0  0  0  0  0  0  0  0  0  0  0  0
   -2.1333    1.5483    0.8356 C   0  0  0  0  0  0  0  0  0  0  0  0
   -1.9703    0.2168    0.4699 C   0  0  0  0  0  0  0  0  0  0  0  0
    5.2682   -0.3414   -0.3470 H   0  0  0  0  0  0  0  0  0  0  0  0
    4.4901    0.3326   -2.5741 H   0  0  0  0  0  0  0  0  0  0  0  0
    2.1214    1.0737   -2.9328 H   0  0  0  0  0  0  0  0  0  0  0  0
    0.6043    1.1148   -1.0293 H   0  0  0  0  0  0  0  0  0  0  0  0
    0.9897   -2.3435    1.4354 H   0  0  0  0  0  0  0  0  0  0  0  0
   -1.7173   -3.4112   -0.6456 H   0  0  0  0  0  0  0  0  0  0  0  0
   -3.6503   -2.0467   -1.3779 H   0  0  0  0  0  0  0  0  0  0  0  0
   -4.8010   -0.0436   -1.3950 H   0  0  0  0  0  0  0  0  0  0  0  0
   -5.0120    2.3541   -0.6844 H   0  0  0  0  0  0  0  0  0  0  0  0
   -3.2941    3.3304    0.7335 H   0  0  0  0  0  0  0  0  0  0  0  0
   -1.3607    1.9727    1.4692 H   0  0  0  0  0  0  0  0  0  0  0  0
  1  2  2  0  0  0  0
  2  3  1  0  0  0  0
  2  4  1  0  0  0  0
  4  5  2  0  0  0  0
  5  6  1  0  0  0  0
  5 23  1  0  0  0  0
  6  7  2  0  0  0  0
  6 24  1  0  0  0  0
  7  8  1  0  0  0  0
  7 25  1  0  0  0  0
  8  9  2  0  0  0  0
  8 26  1  0  0  0  0
  9 10  1  0  0  0  0
  9  4  1  0  0  0  0
 10 11  2  3  0  0  0
 11 12  1  0  0  0  0
 12 13  2  0  0  0  0
 13 14  1  0  0  0  0
 13 15  1  0  0  0  0
 14 27  1  0  0  0  0
 15 16  2  0  0  0  0
 15 28  1  0  0  0  0
 16 17  1  0  0  0  0
 16 29  1  0  0  0  0
 17 18  2  0  0  0  0
 18 19  1  0  0  0  0
 18 30  1  0  0  0  0
 19 20  2  0  0  0  0
 19 31  1  0  0  0  0
 20 21  1  0  0  0  0
 20 32  1  0  0  0  0
 21 22  2  0  0  0  0
 21 33  1  0  0  0  0
 22 12  1  0  0  0  0
 22 17  1  0  0  0  0
M  CHG  2   2   1   3  -1
M  END
>  <RMSD>
0.000000

$$$$

 OpenBabel12091916353D

 33 35  0  0  0  0  0  0  0  0999 V2000
    5.0941   -0.2562    2.1187 O   0  0  0  0  0  0  0  0  0  0  0  0
    3.8796   -0.3989    1.8738 N   0  3  0  0  0  0  0  0  0  0  0  0
    3.0780   -0.9178    2.8269 O   0  5  0  0  0  0  0  0  0  0  0  0
    3.3909   -0.0042    0.5894 C   0  0  0  0  0  0  0  0  0  0  0  0
    4.2239   -0.0155   -0.5029 C   0  0  0  0  0  0  0  0  0  0  0  0
    3.7900    0.3630   -1.7567 C   0  0  0  0  0  0  0  0  0  0  0  0
    2.4875    0.7676   -1.9414 C   0  0  0  0  0  0  0  0  0  0  0  0
    1.6370    0.7847   -0.8537 C   0  0  0  0  0  0  0  0  0  0  0  0
    2.0683    0.4067    0.3997 C   0  0  0  0  0  0  0  0  0  0  0  0
    1.2360    0.4102    1.5161 N   0  0  0  0  0  0  0  0  0  0  0  0
    0.0851    0.0465    1.6998 N   0  0  0  0  0  0  0  0  0  0  0  0
   -0.8842   -0.5201    0.8913 C   0  0  0  0  0  0  0  0  0  0  0  0
   -0.7934   -1.8289    0.4888 C   0  0  0  0  0  0  0  0  0  0  0  0
    0.2456   -2.6740    0.8446 O   0  0  0  0  0  0  0  0  0  0  0  0
   -1.7868   -2.3774   -0.3263 C   0  0  0  0  0  0  0  0  0  0  0  0
   -2.8706   -1.6450   -0.7480 C   0  0  0  0  0  0  0  0  0  0  0  0
   -2.9588   -0.3114   -0.3348 C   0  0  0  0  0  0  0  0  0  0  0  0
   -4.0558    0.4129   -0.7676 C   0  0  0  0  0  0  0  0  0  0  0  0
   -4.1856    1.7198   -0.3899 C   0  0  0  0  0  0  0  0  0  0  0  0
   -3.2155    2.2809    0.4148 C   0  0  0  0  0  0  0  0  0  0  0  0
   -2.1333    1.5483    0.8356 C   0  0  0  0  0  0  0  0  0  0  0  0
   -1.9703    0.2168    0.4699 C   0  0  0  0  0  0  0  0  0  0  0  0
    5.2682   -0.3414   -0.3470 H   0  0  0  0  0  0  0  0  0  0  0  0
    4.4901    0.3326   -2.5741 H   0  0  0  0  0  0  0  0  0  0  0  0
    2.1214    1.0737   -2.9328 H   0  0  0  0  0  0  0  0  0  0  0  0
    0.6043    1.1148   -1.0293 H   0  0  0  0  0  0  0  0  0  0  0  0
    0.9897   -2.3435    1.4354 H   0  0  0  0  0  0  0  0  0  0  0  0
   -1.7173   -3.4112   -0.6456 H   0  0  0  0  0  0  0  0  0  0  0  0
   -3.6503   -2.0467   -1.3779 H   0  0  0  0  0  0  0  0  0  0  0  0
   -4.8010   -0.0436   -1.3950 H   0  0  0  0  0  0  0  0  0  0  0  0
   -5.0120    2.3541   -0.6844 H   0  0  0  0  0  0  0  0  0  0  0  0
   -3.2941    3.3304    0.7335 H   0  0  0  0  0  0  0  0  0  0  0  0
   -1.3607    1.9727    1.4692 H   0  0  0  0  0  0  0  0  0  0  0  0
  1  2  2  0  0  0  0
  2  3  1  0  0  0  0
  2  4  1  0  0  0  0
  4  5  2  0  0  0  0
  5  6  1  0  0  0  0
  5 23  1  0  0  0  0
  6  7  2  0  0  0  0
  6 24  1  0  0  0  0
  7  8  1  0  0  0  0
  7 25  1  0  0  0  0
  8  9  2  0  0  0  0
  8 26  1  0  0  0  0
  9 10  1  0  0  0  0
  9  4  1  0  0  0  0
 10 11  2  3  0  0  0
 11 12  1  0  0  0  0
 12 13  2  0  0  0  0
 13 14  1  0  0  0  0
 13 15  1  0  0  0  0
 14 27  1  0  0  0  0
 15 16  2  0  0  0  0
 15 28  1  0  0  0  0
 16 17  1  0  0  0  0
 16 29  1  0  0  0  0
 17 18  2  0  0  0  0
 18 19  1  0  0  0  0
 18 30  1  0  0  0  0
 19 20  2  0  0  0  0
 19 31  1  0  0  0  0
 20 21  1  0  0  0  0
 20 32  1  0  0  0  0
 21 22  2  0  0  0  0
 21 33  1  0  0  0  0
 22 12  1  0  0  0  0
 22 17  1  0  0  0  0
M  CHG  2   2   1   3  -1
M  END
>  <RMSD>
0.000000

$$$$

 OpenBabel12091916353D

 33 35  0  0  0  0  0  0  0  0999 V2000
    5.0941   -0.2562    2.1187 O   0  0  0  0  0  0  0  0  0  0  0  0
    3.8796   -0.3989    1.8738 N   0  3  0  0  0  0  0  0  0  0  0  0
    3.0780   -0.9178    2.8269 O   0  5  0  0  0  0  0  0  0  0  0  0
    3.3909   -0.0042    0.5894 C   0  0  0  0  0  0  0  0  0  0  0  0
    4.2239   -0.0155   -0.5029 C   0  0  0  0  0  0  0  0  0  0  0  0
    3.7900    0.3630   -1.7567 C   0  0  0  0  0  0  0  0  0  0  0  0
    2.4875    0.7676   -1.9414 C   0  0  0  0  0  0  0  0  0  0  0  0
    1.6370    0.7847   -0.8537 C   0  0  0  0  0  0  0  0  0  0  0  0
    2.0683    0.4067    0.3997 C   0  0  0  0  0  0  0  0  0  0  0  0
    1.2360    0.4102    1.5161 N   0  0  0  0  0  0  0  0  0  0  0  0
    0.0851    0.0465    1.6998 N   0  0  0  0  0  0  0  0  0  0  0  0
   -0.8842   -0.5201    0.8913 C   0  0  0  0  0  0  0  0  0  0  0  0
   -0.7934   -1.8289    0.4888 C   0  0  0  0  0  0  0  0  0  0  0  0
    0.2456   -2.6740    0.8446 O   0  0  0  0  0  0  0  0  0  0  0  0
   -1.7868   -2.3774   -0.3263 C   0  0  0  0  0  0  0  0  0  0  0  0
   -2.8706   -1.6450   -0.7480 C   0  0  0  0  0  0  0  0  0  0  0  0
   -2.9588   -0.3114   -0.3348 C   0  0  0  0  0  0  0  0  0  0  0  0
   -4.0558    0.4129   -0.7676 C   0  0  0  0  0  0  0  0  0  0  0  0
   -4.1856    1.7198   -0.3899 C   0  0  0  0  0  0  0  0  0  0  0  0
   -3.2155    2.2809    0.4148 C   0  0  0  0  0  0  0  0  0  0  0  0
   -2.1333    1.5483    0.8356 C   0  0  0  0  0  0  0  0  0  0  0  0
   -1.9703    0.2168    0.4699 C   0  0  0  0  0  0  0  0  0  0  0  0
    5.2682   -0.3414   -0.3470 H   0  0  0  0  0  0  0  0  0  0  0  0
    4.4901    0.3326   -2.5741 H   0  0  0  0  0  0  0  0  0  0  0  0
    2.1214    1.0737   -2.9328 H   0  0  0  0  0  0  0  0  0  0  0  0
    0.6043    1.1148   -1.0293 H   0  0  0  0  0  0  0  0  0  0  0  0
    0.9897   -2.3435    1.4354 H   0  0  0  0  0  0  0  0  0  0  0  0
   -1.7173   -3.4112   -0.6456 H   0  0  0  0  0  0  0  0  0  0  0  0
   -3.6503   -2.0467   -1.3779 H   0  0  0  0  0  0  0  0  0  0  0  0
   -4.8010   -0.0436   -1.3950 H   0  0  0  0  0  0  0  0  0  0  0  0
   -5.0120    2.3541   -0.6844 H   0  0  0  0  0  0  0  0  0  0  0  0
   -3.2941    3.3304    0.7335 H   0  0  0  0  0  0  0  0  0  0  0  0
   -1.3607    1.9727    1.4692 H   0  0  0  0  0  0  0  0  0  0  0  0
  1  2  2  0  0  0  0
  2  3  1  0  0  0  0
  2  4  1  0  0  0  0
  4  5  2  0  0  0  0
  5  6  1  0  0  0  0
  5 23  1  0  0  0  0
  6  7  2  0  0  0  0
  6 24  1  0  0  0  0
  7  8  1  0  0  0  0
  7 25  1  0  0  0  0
  8  9  2  0  0  0  0
  8 26  1  0  0  0  0
  9 10  1  0  0  0  0
  9  4  1  0  0  0  0
 10 11  2  3  0  0  0
 11 12  1  0  0  0  0
 12 13  2  0  0  0  0
 13 14  1  0  0  0  0
 13 15  1  0  0  0  0
 14 27  1  0  0  0  0
 15 16  2  0  0  0  0
 15 28  1  0  0  0  0
 16 17  1  0  0  0  0
 16 29  1  0  0  0  0
 17 18  2  0  0  0  0
 18 19  1  0  0  0  0
 18 30  1  0  0  0  0
 19 20  2  0  0  0  0
 19 31  1  0  0  0  0
 20 21  1  0  0  0  0
 20 32  1  0  0  0  0
 21 22  2  0  0  0  0
 21 33  1  0  0  0  0
 22 12  1  0  0  0  0
 22 17  1  0  0  0  0
M  CHG  2   2   1   3  -1
M  END
>  <RMSD>
0.000000

$$$$

 OpenBabel12091916353D

 33 35  0  0  0  0  0  0  0  0999 V2000
    5.0941   -0.2562    2.1187 O   0  0  0  0  0  0  0  0  0  0  0  0
    3.8796   -0.3989    1.8738 N   0  3  0  0  0  0  0  0  0  0  0  0
    3.0780   -0.9178    2.8269 O   0  5  0  0  0  0  0  0  0  0  0  0
    3.3909   -0.0042    0.5894 C   0  0  0  0  0  0  0  0  0  0  0  0
    4.2239   -0.0155   -0.5029 C   0  0  0  0  0  0  0  0  0  0  0  0
    3.7900    0.3630   -1.7567 C   0  0  0  0  0  0  0  0  0  0  0  0
    2.4875    0.7676   -1.9414 C   0  0  0  0  0  0  0  0  0  0  0  0
    1.6370    0.7847   -0.8537 C   0  0  0  0  0  0  0  0  0  0  0  0
    2.0683    0.4067    0.3997 C   0  0  0  0  0  0  0  0  0  0  0  0
    1.2360    0.4102    1.5161 N   0  0  0  0  0  0  0  0  0  0  0  0
    0.0851    0.0465    1.6998 N   0  0  0  0  0  0  0  0  0  0  0  0
   -0.8842   -0.5201    0.8913 C   0  0  0  0  0  0  0  0  0  0  0  0
   -0.7934   -1.8289    0.4888 C   0  0  0  0  0  0  0  0  0  0  0  0
    0.2456   -2.6740    0.8446 O   0  0  0  0  0  0  0  0  0  0  0  0
   -1.7868   -2.3774   -0.3263 C   0  0  0  0  0  0  0  0  0  0  0  0
   -2.8706   -1.6450   -0.7480 C   0  0  0  0  0  0  0  0  0  0  0  0
   -2.9588   -0.3114   -0.3348 C   0  0  0  0  0  0  0  0  0  0  0  0
   -4.0558    0.4129   -0.7676 C   0  0  0  0  0  0  0  0  0  0  0  0
   -4.1856    1.7198   -0.3899 C   0  0  0  0  0  0  0  0  0  0  0  0
   -3.2155    2.2809    0.4148 C   0  0  0  0  0  0  0  0  0  0  0  0
   -2.1333    1.5483    0.8356 C   0  0  0  0  0  0  0  0  0  0  0  0
   -1.9703    0.2168    0.4699 C   0  0  0  0  0  0  0  0  0  0  0  0
    5.2682   -0.3414   -0.3470 H   0  0  0  0  0  0  0  0  0  0  0  0
    4.4901    0.3326   -2.5741 H   0  0  0  0  0  0  0  0  0  0  0  0
    2.1214    1.0737   -2.9328 H   0  0  0  0  0  0  0  0  0  0  0  0
    0.6043    1.1148   -1.0293 H   0  0  0  0  0  0  0  0  0  0  0  0
    0.9897   -2.3435    1.4354 H   0  0  0  0  0  0  0  0  0  0  0  0
   -1.7173   -3.4112   -0.6456 H   0  0  0  0  0  0  0  0  0  0  0  0
   -3.6503   -2.0467   -1.3779 H   0  0  0  0  0  0  0  0  0  0  0  0
   -4.8010   -0.0436   -1.3950 H   0  0  0  0  0  0  0  0  0  0  0  0
   -5.0120    2.3541   -0.6844 H   0  0  0  0  0  0  0  0  0  0  0  0
   -3.2941    3.3304    0.7335 H   0  0  0  0  0  0  0  0  0  0  0  0
   -1.3607    1.9727    1.4692 H   0  0  0  0  0  0  0  0  0  0  0  0
  1  2  2  0  0  0  0
  2  3  1  0  0  0  0
  2  4  1  0  0  0  0
  4  5  2  0  0  0  0
  5  6  1  0  0  0  0
  5 23  1  0  0  0  0
  6  7  2  0  0  0  0
  6 24  1  0  0  0  0
  7  8  1  0  0  0  0
  7 25  1  0  0  0  0
  8  9  2  0  0  0  0
  8 26  1  0  0  0  0
  9 10  1  0  0  0  0
  9  4  1  0  0  0  0
 10 11  2  3  0  0  0
 11 12  1  0  0  0  0
 12 13  2  0  0  0  0
 13 14  1  0  0  0  0
 13 15  1  0  0  0  0
 14 27  1  0  0  0  0
 15 16  2  0  0  0  0
 15 28  1  0  0  0  0
 16 17  1  0  0  0  0
 16 29  1  0  0  0  0
 17 18  2  0  0  0  0
 18 19  1  0  0  0  0
 18 30  1  0  0  0  0
 19 20  2  0  0  0  0
 19 31  1  0  0  0  0
 20 21  1  0  0  0  0
 20 32  1  0  0  0  0
 21 22  2  0  0  0  0
 21 33  1  0  0  0  0
 22 12  1  0  0  0  0
 22 17  1  0  0  0  0
M  CHG  2   2   1   3  -1
M  END
>  <RMSD>
0.000000

$$$$

 OpenBabel12091916353D

 33 35  0  0  0  0  0  0  0  0999 V2000
    5.0941   -0.2562    2.1187 O   0  0  0  0  0  0  0  0  0  0  0  0
    3.8796   -0.3989    1.8738 N   0  3  0  0  0  0  0  0  0  0  0  0
    3.0780   -0.9178    2.8269 O   0  5  0  0  0  0  0  0  0  0  0  0
    3.3909   -0.0042    0.5894 C   0  0  0  0  0  0  0  0  0  0  0  0
    4.2239   -0.0155   -0.5029 C   0  0  0  0  0  0  0  0  0  0  0  0
    3.7900    0.3630   -1.7567 C   0  0  0  0  0  0  0  0  0  0  0  0
    2.4875    0.7676   -1.9414 C   0  0  0  0  0  0  0  0  0  0  0  0
    1.6370    0.7847   -0.8537 C   0  0  0  0  0  0  0  0  0  0  0  0
    2.0683    0.4067    0.3997 C   0  0  0  0  0  0  0  0  0  0  0  0
    1.2360    0.4102    1.5161 N   0  0  0  0  0  0  0  0  0  0  0  0
    0.0851    0.0465    1.6998 N   0  0  0  0  0  0  0  0  0  0  0  0
   -0.8842   -0.5201    0.8913 C   0  0  0  0  0  0  0  0  0  0  0  0
   -0.7934   -1.8289    0.4888 C   0  0  0  0  0  0  0  0  0  0  0  0
    0.2456   -2.6740    0.8446 O   0  0  0  0  0  0  0  0  0  0  0  0
   -1.7868   -2.3774   -0.3263 C   0  0  0  0  0  0  0  0  0  0  0  0
   -2.8706   -1.6450   -0.7480 C   0  0  0  0  0  0  0  0  0  0  0  0
   -2.9588   -0.3114   -0.3348 C   0  0  0  0  0  0  0  0  0  0  0  0
   -4.0558    0.4129   -0.7676 C   0  0  0  0  0  0  0  0  0  0  0  0
   -4.1856    1.7198   -0.3899 C   0  0  0  0  0  0  0  0  0  0  0  0
   -3.2155    2.2809    0.4148 C   0  0  0  0  0  0  0  0  0  0  0  0
   -2.1333    1.5483    0.8356 C   0  0  0  0  0  0  0  0  0  0  0  0
   -1.9703    0.2168    0.4699 C   0  0  0  0  0  0  0  0  0  0  0  0
    5.2682   -0.3414   -0.3470 H   0  0  0  0  0  0  0  0  0  0  0  0
    4.4901    0.3326   -2.5741 H   0  0  0  0  0  0  0  0  0  0  0  0
    2.1214    1.0737   -2.9328 H   0  0  0  0  0  0  0  0  0  0  0  0
    0.6043    1.1148   -1.0293 H   0  0  0  0  0  0  0  0  0  0  0  0
    0.9897   -2.3435    1.4354 H   0  0  0  0  0  0  0  0  0  0  0  0
   -1.7173   -3.4112   -0.6456 H   0  0  0  0  0  0  0  0  0  0  0  0
   -3.6503   -2.0467   -1.3779 H   0  0  0  0  0  0  0  0  0  0  0  0
   -4.8010   -0.0436   -1.3950 H   0  0  0  0  0  0  0  0  0  0  0  0
   -5.0120    2.3541   -0.6844 H   0  0  0  0  0  0  0  0  0  0  0  0
   -3.2941    3.3304    0.7335 H   0  0  0  0  0  0  0  0  0  0  0  0
   -1.3607    1.9727    1.4692 H   0  0  0  0  0  0  0  0  0  0  0  0
  1  2  2  0  0  0  0
  2  3  1  0  0  0  0
  2  4  1  0  0  0  0
  4  5  2  0  0  0  0
  5  6  1  0  0  0  0
  5 23  1  0  0  0  0
  6  7  2  0  0  0  0
  6 24  1  0  0  0  0
  7  8  1  0  0  0  0
  7 25  1  0  0  0  0
  8  9  2  0  0  0  0
  8 26  1  0  0  0  0
  9 10  1  0  0  0  0
  9  4  1  0  0  0  0
 10 11  2  3  0  0  0
 11 12  1  0  0  0  0
 12 13  2  0  0  0  0
 13 14  1  0  0  0  0
 13 15  1  0  0  0  0
 14 27  1  0  0  0  0
 15 16  2  0  0  0  0
 15 28  1  0  0  0  0
 16 17  1  0  0  0  0
 16 29  1  0  0  0  0
 17 18  2  0  0  0  0
 18 19  1  0  0  0  0
 18 30  1  0  0  0  0
 19 20  2  0  0  0  0
 19 31  1  0  0  0  0
 20 21  1  0  0  0  0
 20 32  1  0  0  0  0
 21 22  2  0  0  0  0
 21 33  1  0  0  0  0
 22 12  1  0  0  0  0
 22 17  1  0  0  0  0
M  CHG  2   2   1   3  -1
M  END
>  <RMSD>
0.000000

$$$$

 OpenBabel12091916353D

 33 35  0  0  0  0  0  0  0  0999 V2000
    5.0941   -0.2562    2.1187 O   0  0  0  0  0  0  0  0  0  0  0  0
    3.8796   -0.3989    1.8738 N   0  3  0  0  0  0  0  0  0  0  0  0
    3.0780   -0.9178    2.8269 O   0  5  0  0  0  0  0  0  0  0  0  0
    3.3909   -0.0042    0.5894 C   0  0  0  0  0  0  0  0  0  0  0  0
    4.2239   -0.0155   -0.5029 C   0  0  0  0  0  0  0  0  0  0  0  0
    3.7900    0.3630   -1.7567 C   0  0  0  0  0  0  0  0  0  0  0  0
    2.4875    0.7676   -1.9414 C   0  0  0  0  0  0  0  0  0  0  0  0
    1.6370    0.7847   -0.8537 C   0  0  0  0  0  0  0  0  0  0  0  0
    2.0683    0.4067    0.3997 C   0  0  0  0  0  0  0  0  0  0  0  0
    1.2360    0.4102    1.5161 N   0  0  0  0  0  0  0  0  0  0  0  0
    0.0851    0.0465    1.6998 N   0  0  0  0  0  0  0  0  0  0  0  0
   -0.8842   -0.5201    0.8913 C   0  0  0  0  0  0  0  0  0  0  0  0
   -0.7934   -1.8289    0.4888 C   0  0  0  0  0  0  0  0  0  0  0  0
    0.2456   -2.6740    0.8446 O   0  0  0  0  0  0  0  0  0  0  0  0
   -1.7868   -2.3774   -0.3263 C   0  0  0  0  0  0  0  0  0  0  0  0
   -2.8706   -1.6450   -0.7480 C   0  0  0  0  0  0  0  0  0  0  0  0
   -2.9588   -0.3114   -0.3348 C   0  0  0  0  0  0  0  0  0  0  0  0
   -4.0558    0.4129   -0.7676 C   0  0  0  0  0  0  0  0  0  0  0  0
   -4.1856    1.7198   -0.3899 C   0  0  0  0  0  0  0  0  0  0  0  0
   -3.2155    2.2809    0.4148 C   0  0  0  0  0  0  0  0  0  0  0  0
   -2.1333    1.5483    0.8356 C   0  0  0  0  0  0  0  0  0  0  0  0
   -1.9703    0.2168    0.4699 C   0  0  0  0  0  0  0  0  0  0  0  0
    5.2682   -0.3414   -0.3470 H   0  0  0  0  0  0  0  0  0  0  0  0
    4.4901    0.3326   -2.5741 H   0  0  0  0  0  0  0  0  0  0  0  0
    2.1214    1.0737   -2.9328 H   0  0  0  0  0  0  0  0  0  0  0  0
    0.6043    1.1148   -1.0293 H   0  0  0  0  0  0  0  0  0  0  0  0
    0.9897   -2.3435    1.4354 H   0  0  0  0  0  0  0  0  0  0  0  0
   -1.7173   -3.4112   -0.6456 H   0  0  0  0  0  0  0  0  0  0  0  0
   -3.6503   -2.0467   -1.3779 H   0  0  0  0  0  0  0  0  0  0  0  0
   -4.8010   -0.0436   -1.3950 H   0  0  0  0  0  0  0  0  0  0  0  0
   -5.0120    2.3541   -0.6844 H   0  0  0  0  0  0  0  0  0  0  0  0
   -3.2941    3.3304    0.7335 H   0  0  0  0  0  0  0  0  0  0  0  0
   -1.3607    1.9727    1.4692 H   0  0  0  0  0  0  0  0  0  0  0  0
  1  2  2  0  0  0  0
  2  3  1  0  0  0  0
  2  4  1  0  0  0  0
  4  5  2  0  0  0  0
  5  6  1  0  0  0  0
  5 23  1  0  0  0  0
  6  7  2  0  0  0  0
  6 24  1  0  0  0  0
  7  8  1  0  0  0  0
  7 25  1  0  0  0  0
  8  9  2  0  0  0  0
  8 26  1  0  0  0  0
  9 10  1  0  0  0  0
  9  4  1  0  0  0  0
 10 11  2  3  0  0  0
 11 12  1  0  0  0  0
 12 13  2  0  0  0  0
 13 14  1  0  0  0  0
 13 15  1  0  0  0  0
 14 27  1  0  0  0  0
 15 16  2  0  0  0  0
 15 28  1  0  0  0  0
 16 17  1  0  0  0  0
 16 29  1  0  0  0  0
 17 18  2  0  0  0  0
 18 19  1  0  0  0  0
 18 30  1  0  0  0  0
 19 20  2  0  0  0  0
 19 31  1  0  0  0  0
 20 21  1  0  0  0  0
 20 32  1  0  0  0  0
 21 22  2  0  0  0  0
 21 33  1  0  0  0  0
 22 12  1  0  0  0  0
 22 17  1  0  0  0  0
M  CHG  2   2   1   3  -1
M  END
>  <RMSD>
0.000000

$$$$

 OpenBabel12091916353D

 33 35  0  0  0  0  0  0  0  0999 V2000
    5.0941   -0.2562    2.1187 O   0  0  0  0  0  0  0  0  0  0  0  0
    3.8796   -0.3989    1.8738 N   0  3  0  0  0  0  0  0  0  0  0  0
    3.0780   -0.9178    2.8269 O   0  5  0  0  0  0  0  0  0  0  0  0
    3.3909   -0.0042    0.5894 C   0  0  0  0  0  0  0  0  0  0  0  0
    4.2239   -0.0155   -0.5029 C   0  0  0  0  0  0  0  0  0  0  0  0
    3.7900    0.3630   -1.7567 C   0  0  0  0  0  0  0  0  0  0  0  0
    2.4875    0.7676   -1.9414 C   0  0  0  0  0  0  0  0  0  0  0  0
    1.6370    0.7847   -0.8537 C   0  0  0  0  0  0  0  0  0  0  0  0
    2.0683    0.4067    0.3997 C   0  0  0  0  0  0  0  0  0  0  0  0
    1.2360    0.4102    1.5161 N   0  0  0  0  0  0  0  0  0  0  0  0
    0.0851    0.0465    1.6998 N   0  0  0  0  0  0  0  0  0  0  0  0
   -0.8842   -0.5201    0.8913 C   0  0  0  0  0  0  0  0  0  0  0  0
   -0.7934   -1.8289    0.4888 C   0  0  0  0  0  0  0  0  0  0  0  0
    0.2456   -2.6740    0.8446 O   0  0  0  0  0  0  0  0  0  0  0  0
   -1.7868   -2.3774   -0.3263 C   0  0  0  0  0  0  0  0  0  0  0  0
   -2.8706   -1.6450   -0.7480 C   0  0  0  0  0  0  0  0  0  0  0  0
   -2.9588   -0.3114   -0.3348 C   0  0  0  0  0  0  0  0  0  0  0  0
   -4.0558    0.4129   -0.7676 C   0  0  0  0  0  0  0  0  0  0  0  0
   -4.1856    1.7198   -0.3899 C   0  0  0  0  0  0  0  0  0  0  0  0
   -3.2155    2.2809    0.4148 C   0  0  0  0  0  0  0  0  0  0  0  0
   -2.1333    1.5483    0.8356 C   0  0  0  0  0  0  0  0  0  0  0  0
   -1.9703    0.2168    0.4699 C   0  0  0  0  0  0  0  0  0  0  0  0
    5.2682   -0.3414   -0.3470 H   0  0  0  0  0  0  0  0  0  0  0  0
    4.4901    0.3326   -2.5741 H   0  0  0  0  0  0  0  0  0  0  0  0
    2.1214    1.0737   -2.9328 H   0  0  0  0  0  0  0  0  0  0  0  0
    0.6043    1.1148   -1.0293 H   0  0  0  0  0  0  0  0  0  0  0  0
    0.9897   -2.3435    1.4354 H   0  0  0  0  0  0  0  0  0  0  0  0
   -1.7173   -3.4112   -0.6456 H   0  0  0  0  0  0  0  0  0  0  0  0
   -3.6503   -2.0467   -1.3779 H   0  0  0  0  0  0  0  0  0  0  0  0
   -4.8010   -0.0436   -1.3950 H   0  0  0  0  0  0  0  0  0  0  0  0
   -5.0120    2.3541   -0.6844 H   0  0  0  0  0  0  0  0  0  0  0  0
   -3.2941    3.3304    0.7335 H   0  0  0  0  0  0  0  0  0  0  0  0
   -1.3607    1.9727    1.4692 H   0  0  0  0  0  0  0  0  0  0  0  0
  1  2  2  0  0  0  0
  2  3  1  0  0  0  0
  2  4  1  0  0  0  0
  4  5  2  0  0  0  0
  5  6  1  0  0  0  0
  5 23  1  0  0  0  0
  6  7  2  0  0  0  0
  6 24  1  0  0  0  0
  7  8  1  0  0  0  0
  7 25  1  0  0  0  0
  8  9  2  0  0  0  0
  8 26  1  0  0  0  0
  9 10  1  0  0  0  0
  9  4  1  0  0  0  0
 10 11  2  3  0  0  0
 11 12  1  0  0  0  0
 12 13  2  0  0  0  0
 13 14  1  0  0  0  0
 13 15  1  0  0  0  0
 14 27  1  0  0  0  0
 15 16  2  0  0  0  0
 15 28  1  0  0  0  0
 16 17  1  0  0  0  0
 16 29  1  0  0  0  0
 17 18  2  0  0  0  0
 18 19  1  0  0  0  0
 18 30  1  0  0  0  0
 19 20  2  0  0  0  0
 19 31  1  0  0  0  0
 20 21  1  0  0  0  0
 20 32  1  0  0  0  0
 21 22  2  0  0  0  0
 21 33  1  0  0  0  0
 22 12  1  0  0  0  0
 22 17  1  0  0  0  0
M  CHG  2   2   1   3  -1
M  END
>  <RMSD>
0.000000

$$$$

 OpenBabel12091916353D

 33 35  0  0  0  0  0  0  0  0999 V2000
    5.0941   -0.2562    2.1187 O   0  0  0  0  0  0  0  0  0  0  0  0
    3.8796   -0.3989    1.8738 N   0  3  0  0  0  0  0  0  0  0  0  0
    3.0780   -0.9178    2.8269 O   0  5  0  0  0  0  0  0  0  0  0  0
    3.3909   -0.0042    0.5894 C   0  0  0  0  0  0  0  0  0  0  0  0
    4.2239   -0.0155   -0.5029 C   0  0  0  0  0  0  0  0  0  0  0  0
    3.7900    0.3630   -1.7567 C   0  0  0  0  0  0  0  0  0  0  0  0
    2.4875    0.7676   -1.9414 C   0  0  0  0  0  0  0  0  0  0  0  0
    1.6370    0.7847   -0.8537 C   0  0  0  0  0  0  0  0  0  0  0  0
    2.0683    0.4067    0.3997 C   0  0  0  0  0  0  0  0  0  0  0  0
    1.2360    0.4102    1.5161 N   0  0  0  0  0  0  0  0  0  0  0  0
    0.0851    0.0465    1.6998 N   0  0  0  0  0  0  0  0  0  0  0  0
   -0.8842   -0.5201    0.8913 C   0  0  0  0  0  0  0  0  0  0  0  0
   -0.7934   -1.8289    0.4888 C   0  0  0  0  0  0  0  0  0  0  0  0
    0.2456   -2.6740    0.8446 O   0  0  0  0  0  0  0  0  0  0  0  0
   -1.7868   -2.3774   -0.3263 C   0  0  0  0  0  0  0  0  0  0  0  0
   -2.8706   -1.6450   -0.7480 C   0  0  0  0  0  0  0  0  0  0  0  0
   -2.9588   -0.3114   -0.3348 C   0  0  0  0  0  0  0  0  0  0  0  0
   -4.0558    0.4129   -0.7676 C   0  0  0  0  0  0  0  0  0  0  0  0
   -4.1856    1.7198   -0.3899 C   0  0  0  0  0  0  0  0  0  0  0  0
   -3.2155    2.2809    0.4148 C   0  0  0  0  0  0  0  0  0  0  0  0
   -2.1333    1.5483    0.8356 C   0  0  0  0  0  0  0  0  0  0  0  0
   -1.9703    0.2168    0.4699 C   0  0  0  0  0  0  0  0  0  0  0  0
    5.2682   -0.3414   -0.3470 H   0  0  0  0  0  0  0  0  0  0  0  0
    4.4901    0.3326   -2.5741 H   0  0  0  0  0  0  0  0  0  0  0  0
    2.1214    1.0737   -2.9328 H   0  0  0  0  0  0  0  0  0  0  0  0
    0.6043    1.1148   -1.0293 H   0  0  0  0  0  0  0  0  0  0  0  0
    0.9897   -2.3435    1.4354 H   0  0  0  0  0  0  0  0  0  0  0  0
   -1.7173   -3.4112   -0.6456 H   0  0  0  0  0  0  0  0  0  0  0  0
   -3.6503   -2.0467   -1.3779 H   0  0  0  0  0  0  0  0  0  0  0  0
   -4.8010   -0.0436   -1.3950 H   0  0  0  0  0  0  0  0  0  0  0  0
   -5.0120    2.3541   -0.6844 H   0  0  0  0  0  0  0  0  0  0  0  0
   -3.2941    3.3304    0.7335 H   0  0  0  0  0  0  0  0  0  0  0  0
   -1.3607    1.9727    1.4692 H   0  0  0  0  0  0  0  0  0  0  0  0
  1  2  2  0  0  0  0
  2  3  1  0  0  0  0
  2  4  1  0  0  0  0
  4  5  2  0  0  0  0
  5  6  1  0  0  0  0
  5 23  1  0  0  0  0
  6  7  2  0  0  0  0
  6 24  1  0  0  0  0
  7  8  1  0  0  0  0
  7 25  1  0  0  0  0
  8  9  2  0  0  0  0
  8 26  1  0  0  0  0
  9 10  1  0  0  0  0
  9  4  1  0  0  0  0
 10 11  2  3  0  0  0
 11 12  1  0  0  0  0
 12 13  2  0  0  0  0
 13 14  1  0  0  0  0
 13 15  1  0  0  0  0
 14 27  1  0  0  0  0
 15 16  2  0  0  0  0
 15 28  1  0  0  0  0
 16 17  1  0  0  0  0
 16 29  1  0  0  0  0
 17 18  2  0  0  0  0
 18 19  1  0  0  0  0
 18 30  1  0  0  0  0
 19 20  2  0  0  0  0
 19 31  1  0  0  0  0
 20 21  1  0  0  0  0
 20 32  1  0  0  0  0
 21 22  2  0  0  0  0
 21 33  1  0  0  0  0
 22 12  1  0  0  0  0
 22 17  1  0  0  0  0
M  CHG  2   2   1   3  -1
M  END
>  <RMSD>
0.000000

$$$$

 OpenBabel12091916353D

 33 35  0  0  0  0  0  0  0  0999 V2000
    5.0941   -0.2562    2.1187 O   0  0  0  0  0  0  0  0  0  0  0  0
    3.8796   -0.3989    1.8738 N   0  3  0  0  0  0  0  0  0  0  0  0
    3.0780   -0.9178    2.8269 O   0  5  0  0  0  0  0  0  0  0  0  0
    3.3909   -0.0042    0.5894 C   0  0  0  0  0  0  0  0  0  0  0  0
    4.2239   -0.0155   -0.5029 C   0  0  0  0  0  0  0  0  0  0  0  0
    3.7900    0.3630   -1.7567 C   0  0  0  0  0  0  0  0  0  0  0  0
    2.4875    0.7676   -1.9414 C   0  0  0  0  0  0  0  0  0  0  0  0
    1.6370    0.7847   -0.8537 C   0  0  0  0  0  0  0  0  0  0  0  0
    2.0683    0.4067    0.3997 C   0  0  0  0  0  0  0  0  0  0  0  0
    1.2360    0.4102    1.5161 N   0  0  0  0  0  0  0  0  0  0  0  0
    0.0851    0.0465    1.6998 N   0  0  0  0  0  0  0  0  0  0  0  0
   -0.8842   -0.5201    0.8913 C   0  0  0  0  0  0  0  0  0  0  0  0
   -0.7934   -1.8289    0.4888 C   0  0  0  0  0  0  0  0  0  0  0  0
    0.2456   -2.6740    0.8446 O   0  0  0  0  0  0  0  0  0  0  0  0
   -1.7868   -2.3774   -0.3263 C   0  0  0  0  0  0  0  0  0  0  0  0
   -2.8706   -1.6450   -0.7480 C   0  0  0  0  0  0  0  0  0  0  0  0
   -2.9588   -0.3114   -0.3348 C   0  0  0  0  0  0  0  0  0  0  0  0
   -4.0558    0.4129   -0.7676 C   0  0  0  0  0  0  0  0  0  0  0  0
   -4.1856    1.7198   -0.3899 C   0  0  0  0  0  0  0  0  0  0  0  0
   -3.2155    2.2809    0.4148 C   0  0  0  0  0  0  0  0  0  0  0  0
   -2.1333    1.5483    0.8356 C   0  0  0  0  0  0  0  0  0  0  0  0
   -1.9703    0.2168    0.4699 C   0  0  0  0  0  0  0  0  0  0  0  0
    5.2682   -0.3414   -0.3470 H   0  0  0  0  0  0  0  0  0  0  0  0
    4.4901    0.3326   -2.5741 H   0  0  0  0  0  0  0  0  0  0  0  0
    2.1214    1.0737   -2.9328 H   0  0  0  0  0  0  0  0  0  0  0  0
    0.6043    1.1148   -1.0293 H   0  0  0  0  0  0  0  0  0  0  0  0
    0.9897   -2.3435    1.4354 H   0  0  0  0  0  0  0  0  0  0  0  0
   -1.7173   -3.4112   -0.6456 H   0  0  0  0  0  0  0  0  0  0  0  0
   -3.6503   -2.0467   -1.3779 H   0  0  0  0  0  0  0  0  0  0  0  0
   -4.8010   -0.0436   -1.3950 H   0  0  0  0  0  0  0  0  0  0  0  0
   -5.0120    2.3541   -0.6844 H   0  0  0  0  0  0  0  0  0  0  0  0
   -3.2941    3.3304    0.7335 H   0  0  0  0  0  0  0  0  0  0  0  0
   -1.3607    1.9727    1.4692 H   0  0  0  0  0  0  0  0  0  0  0  0
  1  2  2  0  0  0  0
  2  3  1  0  0  0  0
  2  4  1  0  0  0  0
  4  5  2  0  0  0  0
  5  6  1  0  0  0  0
  5 23  1  0  0  0  0
  6  7  2  0  0  0  0
  6 24  1  0  0  0  0
  7  8  1  0  0  0  0
  7 25  1  0  0  0  0
  8  9  2  0  0  0  0
  8 26  1  0  0  0  0
  9 10  1  0  0  0  0
  9  4  1  0  0  0  0
 10 11  2  3  0  0  0
 11 12  1  0  0  0  0
 12 13  2  0  0  0  0
 13 14  1  0  0  0  0
 13 15  1  0  0  0  0
 14 27  1  0  0  0  0
 15 16  2  0  0  0  0
 15 28  1  0  0  0  0
 16 17  1  0  0  0  0
 16 29  1  0  0  0  0
 17 18  2  0  0  0  0
 18 19  1  0  0  0  0
 18 30  1  0  0  0  0
 19 20  2  0  0  0  0
 19 31  1  0  0  0  0
 20 21  1  0  0  0  0
 20 32  1  0  0  0  0
 21 22  2  0  0  0  0
 21 33  1  0  0  0  0
 22 12  1  0  0  0  0
 22 17  1  0  0  0  0
M  CHG  2   2   1   3  -1
M  END
>  <RMSD>
0.000000

$$$$

 OpenBabel12091916353D

 33 35  0  0  0  0  0  0  0  0999 V2000
    5.0941   -0.2562    2.1187 O   0  0  0  0  0  0  0  0  0  0  0  0
    3.8796   -0.3989    1.8738 N   0  3  0  0  0  0  0  0  0  0  0  0
    3.0780   -0.9178    2.8269 O   0  5  0  0  0  0  0  0  0  0  0  0
    3.3909   -0.0042    0.5894 C   0  0  0  0  0  0  0  0  0  0  0  0
    4.2239   -0.0155   -0.5029 C   0  0  0  0  0  0  0  0  0  0  0  0
    3.7900    0.3630   -1.7567 C   0  0  0  0  0  0  0  0  0  0  0  0
    2.4875    0.7676   -1.9414 C   0  0  0  0  0  0  0  0  0  0  0  0
    1.6370    0.7847   -0.8537 C   0  0  0  0  0  0  0  0  0  0  0  0
    2.0683    0.4067    0.3997 C   0  0  0  0  0  0  0  0  0  0  0  0
    1.2360    0.4102    1.5161 N   0  0  0  0  0  0  0  0  0  0  0  0
    0.0851    0.0465    1.6998 N   0  0  0  0  0  0  0  0  0  0  0  0
   -0.8842   -0.5201    0.8913 C   0  0  0  0  0  0  0  0  0  0  0  0
   -0.7934   -1.8289    0.4888 C   0  0  0  0  0  0  0  0  0  0  0  0
    0.2456   -2.6740    0.8446 O   0  0  0  0  0  0  0  0  0  0  0  0
   -1.7868   -2.3774   -0.3263 C   0  0  0  0  0  0  0  0  0  0  0  0
   -2.8706   -1.6450   -0.7480 C   0  0  0  0  0  0  0  0  0  0  0  0
   -2.9588   -0.3114   -0.3348 C   0  0  0  0  0  0  0  0  0  0  0  0
   -4.0558    0.4129   -0.7676 C   0  0  0  0  0  0  0  0  0  0  0  0
   -4.1856    1.7198   -0.3899 C   0  0  0  0  0  0  0  0  0  0  0  0
   -3.2155    2.2809    0.4148 C   0  0  0  0  0  0  0  0  0  0  0  0
   -2.1333    1.5483    0.8356 C   0  0  0  0  0  0  0  0  0  0  0  0
   -1.9703    0.2168    0.4699 C   0  0  0  0  0  0  0  0  0  0  0  0
    5.2682   -0.3414   -0.3470 H   0  0  0  0  0  0  0  0  0  0  0  0
    4.4901    0.3326   -2.5741 H   0  0  0  0  0  0  0  0  0  0  0  0
    2.1214    1.0737   -2.9328 H   0  0  0  0  0  0  0  0  0  0  0  0
    0.6043    1.1148   -1.0293 H   0  0  0  0  0  0  0  0  0  0  0  0
    0.9897   -2.3435    1.4354 H   0  0  0  0  0  0  0  0  0  0  0  0
   -1.7173   -3.4112   -0.6456 H   0  0  0  0  0  0  0  0  0  0  0  0
   -3.6503   -2.0467   -1.3779 H   0  0  0  0  0  0  0  0  0  0  0  0
   -4.8010   -0.0436   -1.3950 H   0  0  0  0  0  0  0  0  0  0  0  0
   -5.0120    2.3541   -0.6844 H   0  0  0  0  0  0  0  0  0  0  0  0
   -3.2941    3.3304    0.7335 H   0  0  0  0  0  0  0  0  0  0  0  0
   -1.3607    1.9727    1.4692 H   0  0  0  0  0  0  0  0  0  0  0  0
  1  2  2  0  0  0  0
  2  3  1  0  0  0  0
  2  4  1  0  0  0  0
  4  5  2  0  0  0  0
  5  6  1  0  0  0  0
  5 23  1  0  0  0  0
  6  7  2  0  0  0  0
  6 24  1  0  0  0  0
  7  8  1  0  0  0  0
  7 25  1  0  0  0  0
  8  9  2  0  0  0  0
  8 26  1  0  0  0  0
  9 10  1  0  0  0  0
  9  4  1  0  0  0  0
 10 11  2  3  0  0  0
 11 12  1  0  0  0  0
 12 13  2  0  0  0  0
 13 14  1  0  0  0  0
 13 15  1  0  0  0  0
 14 27  1  0  0  0  0
 15 16  2  0  0  0  0
 15 28  1  0  0  0  0
 16 17  1  0  0  0  0
 16 29  1  0  0  0  0
 17 18  2  0  0  0  0
 18 19  1  0  0  0  0
 18 30  1  0  0  0  0
 19 20  2  0  0  0  0
 19 31  1  0  0  0  0
 20 21  1  0  0  0  0
 20 32  1  0  0  0  0
 21 22  2  0  0  0  0
 21 33  1  0  0  0  0
 22 12  1  0  0  0  0
 22 17  1  0  0  0  0
M  CHG  2   2   1   3  -1
M  END
>  <RMSD>
0.000000

$$$$